17  4  22
 7  1  14
 7  1  14
 7  1  14
 7  1  14
 7  1  14
 7  1  14
 7  1  14
 7  2  8
 5  1  6
 2  1  4
 1  1  4
 1  2  8
 23  3  10
 18  7  16
 21  3  8
 33  8  18
 18  4  12
 1  2  8
 0  1  6
 0  1  6
 0  1  4
 0  1  4
 2  1  4
 5  3  6
 1  1  2
 34  8  18
 29  2  6
 8  1  4
 2  1  2
 1  1  2
 10  5  6
 10  2  2
 38  3  2
 4  1  2
 2  1  2
 1  1  6
 1  1  6
 1  1  6
 8  2  10
 49  9  32
 34  4  14
 4  1  8
 4  1  8
 4  1  8
 2  1  8
 2  1  8
 2  1  8
 2  1  8
 0  1  4
 5  1  6
 5  1  6
 5  1  6
 93  5  8
 1  1  2
 5  1  2
 3  1  2
 2  1  4
 2  1  4
 0  1  2
 0  1  4
 14  6  18
 7  1  8
 7  1  8
 7  1  8
 2  1  4
 3  1  4
 2  2  2
 178  23  46
 3  1  6
 3  1  6
 3  1  6
 4  3  4
 4  3  4
 1  1  2
 31  2  4
 5  1  4
 5  1  4
 2  1  2
 63  5  6
 8  1  2
 33  2  4
 5  1  2
 3  3  8
 0  1  4
 0  2  6
 0  1  4
 3  1  14
 3  1  14
 9  2  14
 3  1  14
 3  1  14
 13  4  26
 15  6  30
 11  3  24
 2  1  14
 2  1  14
 2  1  14
 2  1  14
 3  3  16
 3  2  6
 1  1  2
 2  1  4
 2  1  4
 5  2  10
 6  3  12
 5  2  10
 13  5  14
 5  2  10
 6  2  8
 5  1  6
 25  9  24
 10  1  10
 16  3  12
 59  8  24
 236  16  34
 18  5  28
 74  7  20
 3  1  14
 3  1  14
 3  1  14
 212  15  34
 180  11  32
 3  1  10
 3  1  10
 3  1  10
 3  1  10
 3  1  10
 5  1  6
 5  1  6
 37  2  4
 2  1  6
 2  1  6
 2  1  6
 2  1  6
 2  1  6
 17  1  4
 3  1  2
 1  1  6
 1  1  6
 8  2  8
 7  1  2
 3  1  4
 12  1  2
 2  1  6
 2  1  6
 5  1  6
 30  6  12
 0  1  4
 3  1  6